//mark(300, getColor(200, 173, 127));
moveTowardCell(0);

var aureole = getColor(255, 255, 5);
var peau = getColor(200, 173, 127);
var tifs = getColor(47, 27, 12);
var tong = getColor(63, 34, 4);
var tunique = getColor(255, 255, 107);
var croix = getColor(0, 0,0);

var cellcroix = [75,92,109,126,143,74,110];
var cellPeau =[516,480,462,310,300,326,328,311,344,346,336,354,204,222,221,203,239,256,274,166,149,293,429,238,273,258,275,340,448,447,465,482,464,430,285,250,267,284,249,232,266];
var cellTifs =[307,308,309,325,327,343,345,309,360,378,361,292,291,290,272,257,240,255,254,236,218,200,182,165,183,201,219,237,148,131,114,132,150,167,184,202,220,185,241,223,206,205,170,152,187,169,151,133,115,170,188,205,186,168,134,116,217,235,253,271,289];
var cellTong =[318,317,498,479,497,515,533,532,496,353,371,388,352,335];
var cellTunique = [341,376,358,375,393,357,410,428,356,373,445,409,374,427,391,392,411,446,306,342,340,339,338,337,305,304,303,302,324,323,322,321,320,319,355,396,413,431,395,377,359,394,412,463,288,270,252,234,216,287,269,215,286,233,268,251];
var cellAureole = [190,172,154,136,118,100,82,64];

mark(cellcroix, croix);
mark(cellAureole, aureole);
mark(cellPeau, peau);
mark(cellTifs, tifs);
mark(cellTong, tong);
mark(cellTunique, tunique);
pause();
